616 378
0 2 2 2 5 3 2 2 1 1 3 2 10 1 9 1 16 4 10 1 1 52 5 3 4 1 42 4 12 5 1 3 1 4 3 2 4 13 1 1 45 7 19 1 12 40 253
0 2 2 2 5 3 2 2 3 1 1 2 10 2 2 1 5 1 16 4 10 1 1 52 5 3 4 1 41 4 13 3 3 3 1 4 3 2 4 13 1 1 45 7 19 1 12 41 252
2 1 1 1 3 2 4 1 1 2 3 2 1 1 14 2 2 1 18 4 7 1 4 5 1 46 5 3 3 3 40 3 14 3 3 2 3 3 10 12 1 1 43 9 19 1 12 1 1 12 1 36 148 1 3 1 86 3
2 2 10 2 3 1 1 3 15 1 4 1 17 4 7 3 3 2 1 1 2 25 1 18 13 2 38 5 1 1 11 4 3 2 3 3 10 13 42 11 32 1 1 57 138 2 86 8
2 2 3 2 5 2 2 3 3 1 13 1 6 1 16 4 7 4 1 2 5 23 2 5 3 6 1 4 13 2 36 7 13 3 22 13 1 1 37 14 32 1 2 68 12 1 75 1 46 4 65 18
4 2 1 2 2 3 5 2 2 2 37 4 7 3 8 25 5 1 3 11 51 6 14 3 22 15 34 17 32 1 4 4 1 3 1 59 80 3 48 3 64 16 6
4 3 4 3 2 3 2 1 40 3 8 4 8 24 9 11 7 2 4 2 36 1 18 3 23 15 32 11 1 4 35 2 4 7 1 61 76 3 111 3 7 1 1 1 15
3 5 1 2 3 2 1 1 44 3 9 3 8 24 9 11 13 3 52 4 24 14 1 1 29 13 1 2 37 13 1 64 128 2 47 6 7 10 15
10 1 3 5 43 3 10 2 8 25 7 7 1 4 13 1 1 1 1 1 49 5 24 14 1 1 28 13 42 1 1 9 2 65 93 3 31 1 42 12 13 1 18
22 8 32 3 10 3 7 25 7 7 1 5 16 3 46 6 24 14 1 2 26 14 42 1 1 3 1 4 3 65 90 5 32 1 38 5 2 5 36
37 1 2 5 17 3 10 3 3 30 4 9 1 5 17 1 46 7 24 14 1 2 26 12 44 1 1 1 10 66 86 5 35 1 34 3 49
62 4 10 48 1 5 63 2 1 2 27 15 1 1 25 12 77 49 70 2 1 8 78 1 18 8 9 2 14
63 3 10 48 1 5 62 3 1 2 27 15 1 1 25 10 85 43 69 3 1 6 80 1 14 9 10 4 14
63 3 10 48 1 5 18 1 1 2 41 1 3 1 27 15 1 1 25 10 97 1 1 29 73 4 57 1 14 1 2 9 6 2 42
63 3 10 48 1 5 17 10 68 8 1 5 3 1 24 2 123 1 1 6 76 5 61 1 5 1 4 6 1 2 1 1 7 2 1 3 8 4 27
63 3 10 48 1 5 9 1 7 11 67 9 1 4 2 2 24 1 127 1 80 4 61 2 10 5 1 1 1 1 9 2 1 10 4 1 27
63 3 10 48 1 5 22 7 66 1 1 7 2 2 3 2 232 3 48 2 12 1 4 1 9 2 17 3 39
63 3 10 48 1 5 95 6 5 2 3 1 230 6 61 1 3 2 18 1 10 2 2 2 36
64 2 10 54 61 1 34 4 3 5 24 2 210 4 60 2 2 1 41 4 18 1 1 8
64 2 10 54 60 2 34 11 28 2 202 9 58 3 25 2 39 11
64 2 10 54 48 1 10 4 33 6 1 1 28 2 204 10 58 1 11 2 20 1 2 1 33 9
64 2 11 53 56 2 1 4 34 3 17 2 1 1 7 2 207 1 1 9 40 1 14 1 43 4 35
64 3 9 54 56 2 1 5 62 7 191 1 14 9 40 1 12 1 6 5 41 4 28
64 3 10 53 56 3 1 4 66 3 191 1 15 8 51 2 5 7 45 4 24
64 3 10 53 57 2 1 4 63 6 4 1 185 2 15 8 56 4 1 3 55 5 14
64 3 10 53 57 3 1 1 66 5 4 1 26 1 158 2 14 9 54 2 2 1 3 2 60 4 10
64 3 9 54 57 2 69 5 5 1 184 2 15 8 54 2 2 1 79
64 3 10 53 57 2 69 5 5 1 183 2 16 8 38 1 14 2 7 1 70 1 1 1 2
64 2 9 55 30 1 97 9 20 2 180 9 37 1 12 4 2 2 1 3 76
64 2 10 54 30 1 97 9 19 2 10 1 170 9 37 1 13 3 2 1 2 3 76
64 3 10 53 29 2 97 9 17 7 5 4 148 1 19 10 50 4 2 1 1 3 77
64 3 10 53 27 1 2 1 97 9 185 1 16 9 47 6 2 1 2 3 77
64 3 10 54 29 1 97 8 13 1 172 1 15 10 46 6 3 1 2 3 77
64 3 9 55 29 1 97 7 7 1 3 16 160 1 15 10 45 6 3 1 3 3 77
64 3 9 55 28 3 95 7 7 29 152 2 14 11 43 7 3 1 2 4 77
64 3 10 54 126 6 4 4 2 25 153 3 14 11 33 1 9 7 2 1 3 3 78
64 3 10 54 126 6 1 5 1 1 2 24 154 2 15 10 34 1 7 1 1 6 3 1 2 14 68
64 3 10 54 128 12 1 22 157 2 15 11 33 1 6 1 2 6 3 1 1 18 65
65 1 11 54 124 2 3 11 1 14 165 2 15 11 33 1 9 2 1 28 59 3 1
65 1 11 54 121 5 2 11 2 11 168 2 15 11 39 2 1 34 61
65 1 10 55 114 1 3 8 1 12 2 8 171 2 15 11 32 1 6 1 1 5 1 31 59
65 1 10 55 111 1 4 11 1 9 1 1 2 7 172 2 15 11 32 1 6 1 1 37 59
65 1 10 56 108 2 1 14 2 7 4 1 180 1 17 10 31 2 7 42 25 27 3
65 1 9 57 107 2 2 14 2 6 5 1 180 1 18 9 30 3 6 44 24 13 12 2 3
65 1 10 56 103 1 1 3 2 15 2 4 6 2 79 1 119 10 29 3 6 46 22 2 1 20 1 2 1 3
65 1 10 54 71 2 26 5 2 4 2 12 3 6 4 2 45 1 156 9 28 4 5 48 21 5 25
65 1 10 54 98 6 1 5 2 11 4 6 4 1 202 10 28 4 5 49 50
65 1 9 55 69 4 1 4 17 9 1 4 3 4 11 6 207 9 29 4 4 51 49
65 1 9 56 73 4 10 14 26 5 11 3 193 9 29 3 4 53 40 8
65 1 9 56 73 5 9 14 26 5 11 3 193 9 29 3 4 53 35 13
65 1 9 24 2 31 73 2 8 14 28 6 11 3 193 9 28 3 4 55 34 13
65 1 9 24 2 31 10 1 63 1 7 11 32 6 11 3 193 9 28 2 4 57 33 13
65 2 8 24 2 31 10 1 71 4 21 1 18 5 207 8 28 3 3 59 32 13
65 2 8 57 10 1 49 1 21 3 22 1 18 5 207 8 28 2 4 59 32 13
75 56 60 11 37 1 17 6 62 3 141 9 27 3 3 60 32 13
66 1 8 25 2 29 53 2 5 7 59 6 1 1 50 11 140 12 27 3 2 62 31 13
75 25 2 30 52 2 6 5 60 1 2 3 1 1 43 7 149 2 1 10 27 4 1 64 29 14
75 57 52 1 26 1 45 1 2 3 1 2 36 3 1 1 1 3 153 13 27 3 1 66 27 15
75 57 79 1 48 3 1 2 32 7 159 1 1 4 3 3 28 3 1 66 27 1 1 13
66 1 3 62 149 13 104 1 65 1 2 3 33 68 9 6 12 18
66 1 1 64 146 12 174 5 34 3 1 64 9 6 1 1 10 18
66 66 26 4 110 11 182 3 35 3 1 64 9 8 10 18
63 69 26 4 75 10 16 7 191 1 3 2 35 3 1 63 1 1 3 2 4 9 8 19
63 69 26 3 54 2 17 5 1 8 15 3 198 3 35 3 1 65 3 2 4 10 7 19
61 71 103 9 1 3 6 6 204 3 34 4 1 65 4 1 4 10 6 20
59 73 74 2 40 8 153 3 52 3 4 2 28 70 4 1 4 11 5 20
58 67 2 5 73 3 31 9 153 4 63 3 30 3 1 64 7 1 2 12 5 20
56 69 2 3 1 1 72 6 26 5 151 1 108 3 1 64 7 1 2 13 4 20
56 69 2 5 73 6 19 2 268 3 2 63 8 1 2 14 3 20
54 76 1 1 89 4 235 1 38 4 2 64 7 1 2 15 1 21
53 77 1 1 84 7 276 3 2 66 6 1 2 37
52 78 1 1 77 6 283 4 2 67 4 2 2 37
51 75 2 2 71 2 295 3 2 68 4 2 2 37
50 71 1 5 1 2 64 5 299 3 2 68 3 3 2 37
50 71 1 3 3 2 368 3 2 68 4 2 2 37
50 71 2 3 2 2 368 3 2 68 4 2 2 37
48 73 3 7 127 5 234 5 2 7 52 6 7 40
48 73 4 5 124 1 1 1 240 5 2 5 56 5 6 40
48 74 6 2 366 6 2 2 63 1 6 1 1 38
47 76 5 3 364 7 74 40
46 77 5 3 364 6 75 40
45 79 4 3 72 15 277 6 77 38
45 56 1 23 3 3 30 2 38 19 275 4 80 37
45 58 1 21 4 2 29 3 35 25 272 3 82 36
45 80 5 1 28 2 1 1 21 2 4 1 6 28 269 3 83 36
44 64 1 16 5 1 64 31 267 4 84 35
44 81 67 37 90 14 159 4 85 35
44 81 66 39 87 18 157 4 9 1 75 35
43 82 35 1 1 1 13 1 7 3 2 37 2 4 84 20 156 3 10 1 75 35
43 83 33 4 13 1 7 43 2 3 83 22 155 3 86 35
42 84 33 2 24 44 2 4 76 29 151 4 5 1 80 35
42 84 33 4 21 45 2 2 1 1 75 31 150 4 4 2 80 35
42 73 1 11 32 4 21 50 1 1 72 35 148 4 4 3 21 1 56 36
42 85 32 4 21 47 1 4 1 1 67 36 2 3 144 3 4 7 58 8 9 37
42 85 32 4 20 48 1 4 69 37 1 3 144 3 5 6 61 4 10 37
42 85 32 1 1 2 20 49 1 6 65 44 141 4 3 1 1 6 61 3 10 38
42 37 1 48 53 59 62 47 139 4 3 1 1 7 48 3 21 1 1 38
42 37 1 48 53 52 1 3 64 49 138 4 3 1 1 7 50 1 21 1 1 38
41 38 1 48 52 53 2 3 2 1 60 42 1 6 138 3 6 6 2 1 53 1 16 1 1 38
41 38 1 48 52 54 1 3 62 51 137 3 3 1 1 7 2 1 52 2 16 40
40 39 1 48 51 54 3 3 60 54 83 7 44 4 1 10 2 2 25 3 14 6 22 40
39 40 1 49 1 2 46 57 1 1 5 1 56 54 77 17 40 3 2 10 2 1 2 1 22 5 12 7 22 40
39 59 1 33 2 1 42 58 63 53 76 23 37 3 2 2 1 6 2 2 2 1 9 4 8 7 13 5 20 2 1 39
37 39 21 36 1 1 42 58 1 4 57 58 67 31 33 3 2 2 2 6 2 2 1 2 1 2 4 5 7 1 1 7 2 18 1 6 8 1 2 2 1 39
38 27 45 23 44 58 61 60 66 33 31 2 3 1 3 6 1 3 1 2 2 2 1 13 3 8 2 16 2 6 8 4 2 39
38 19 59 17 2 1 40 59 3 1 57 59 66 35 29 3 3 1 2 7 1 2 1 3 2 2 1 13 2 10 1 16 1 7 2 2 4 3 3 39
38 15 1 2 62 15 2 1 40 59 3 1 57 60 65 36 28 3 3 1 2 7 1 2 1 3 2 2 1 13 2 10 1 15 1 13 3 3 3 39
38 4 89 5 39 60 1 1 2 3 52 62 63 39 26 4 2 1 2 7 1 2 2 2 6 12 1 44 1 3 3 39
38 4 93 2 38 60 1 1 2 1 1 1 52 53 1 8 62 40 26 3 3 1 1 7 2 2 2 2 5 12 2 48 3 39
37 3 99 2 34 62 57 63 59 43 25 3 3 1 1 7 2 2 1 2 6 10 4 48 3 39
36 1 138 61 1 1 4 1 51 62 2 1 55 46 24 2 3 1 2 7 1 2 2 1 7 54 1 6 4 39
175 62 5 1 51 62 2 1 54 47 23 3 5 12 9 61 4 39
175 60 2 3 1 2 51 62 56 50 21 5 2 14 8 60 5 39
174 62 4 3 2 1 47 55 1 8 1 2 50 53 20 5 2 10 1 1 10 16 1 16 1 25 6 39
174 65 2 5 46 56 1 7 1 1 51 55 18 3 6 6 1 2 2 2 8 14 14 6 1 24 6 39
174 52 15 4 49 54 1 9 1 1 49 56 16 3 7 6 1 2 12 8 2 4 14 6 3 22 6 39
174 20 48 3 49 54 2 4 2 4 48 58 15 3 6 6 2 2 12 7 2 5 13 7 4 14 1 5 7 39
174 16 57 1 46 54 2 3 3 1 1 2 48 59 14 2 4 1 1 6 2 2 13 6 3 5 10 11 5 12 2 1 10 15 1 23
173 15 106 54 2 4 1 5 47 60 14 2 4 1 1 6 2 1 14 5 3 6 9 13 4 12 13 15 1 23
173 13 107 60 3 4 47 61 13 2 4 8 2 1 14 4 4 9 1 1 2 16 4 11 1 1 11 14 2 23
173 1 1 8 108 69 45 64 10 3 4 1 1 7 1 2 16 1 4 32 1 12 1 1 11 14 3 22
173 3 1 4 111 69 44 64 10 2 5 1 1 9 15 4 3 9 4 1 2 11 3 17 11 14 3 22
173 7 112 13 6 50 44 64 10 2 6 7 1 2 15 1 1 3 1 8 23 17 11 14 3 22
89 5 78 1 1 1 2 3 111 11 16 43 44 64 9 3 6 7 1 2 15 5 1 3 28 17 11 14 3 22
87 8 76 6 112 7 54 11 43 66 8 3 3 8 20 9 7 1 2 9 4 23 10 14 3 22
87 7 77 5 112 1 2 4 56 11 42 66 8 3 3 1 1 6 20 1 1 8 4 1 1 12 3 24 10 14 3 22
87 1 1 1 78 6 80 2 32 6 59 9 41 67 7 3 4 1 1 6 2 1 19 9 5 39 10 14 2 23
89 8 70 6 82 1 31 4 65 7 39 69 6 2 6 6 2 2 21 51 10 14 2 23
85 13 70 4 83 1 29 1 1 4 65 5 1 1 38 70 6 2 6 6 2 2 21 51 10 14 2 23
84 13 1 1 69 3 113 4 70 3 1 1 38 70 5 2 5 8 1 2 23 50 10 14 2 23
78 1 4 11 74 2 114 3 73 4 37 70 4 3 5 7 2 2 24 37 2 10 10 14 2 23
83 7 78 1 115 2 75 6 34 71 10 1 1 6 1 2 26 48 10 14 2 23
82 7 195 1 77 1 1 3 33 72 9 2 1 5 2 1 28 47 10 14 2 23
82 5 128 3 145 4 32 73 9 1 1 6 2 1 29 46 10 14 2 23
82 5 121 18 138 1 1 1 32 74 9 6 2 1 30 46 10 14 2 23
38 1 42 6 27 1 91 23 136 2 32 74 9 6 2 1 31 45 10 14 2 23
69 4 8 11 19 6 89 23 169 76 6 8 2 1 31 45 10 14 2 23
68 7 6 12 18 6 92 19 170 76 7 7 2 1 31 45 10 14 2 23
66 8 7 14 11 12 96 11 94 11 17 3 4 2 40 78 7 6 1 2 33 44 9 15 2 23
66 7 8 14 11 12 97 9 95 15 13 4 3 2 40 78 7 5 2 2 34 43 5 19 2 23
66 7 7 16 9 13 97 9 30 1 65 15 12 4 4 1 40 78 6 6 2 1 36 42 4 20 2 23
66 7 7 19 3 17 79 3 14 8 38 2 60 13 13 4 41 5 34 41 3 1 2 1 1 3 43 13 7 2 1 19 1 20 2 23
66 7 7 39 96 7 92 4 5 13 13 4 41 4 42 34 3 1 2 5 2 1 41 11 7 1 3 20 1 19 2 23
67 3 10 38 97 7 45 3 41 25 4 5 4 4 41 1 29 1 28 22 4 6 2 1 45 3 15 36 3 1 2 23
70 3 7 39 97 6 51 4 32 44 46 2 62 13 2 11 61 35 6 25
70 4 6 39 97 6 52 4 30 6 6 14 2 4 1 1 2 9 47 1 60 1 2 21 2 1 61 35 7 25
70 3 7 41 95 6 57 3 23 1 2 3 11 11 1 1 1 2 8 7 114 8 5 1 2 1 65 35 8 24
70 3 7 41 92 9 62 2 3 1 14 7 11 11 14 6 118 4 5 1 1 1 40 3 21 36 9 24
71 2 7 41 74 2 16 9 17 1 45 3 15 7 9 1 3 10 1 2 12 5 119 3 2 1 2 3 39 4 20 35 11 24
71 2 7 43 71 6 14 9 14 4 41 1 1 1 17 6 15 13 13 4 119 4 1 1 1 3 2 2 32 1 3 4 19 35 13 23
80 43 71 7 13 9 12 6 41 2 18 37 10 4 121 3 1 3 3 1 32 2 3 4 18 34 16 22
80 43 71 13 4 30 61 41 4 6 123 1 1 3 35 3 2 5 17 34 18 21
80 41 73 47 61 37 1 2 5 6 123 1 1 3 33 1 1 3 2 5 16 34 20 20
81 21 1 10 81 47 61 51 77 1 2 2 42 4 27 2 3 5 3 5 15 33 23 19
81 20 3 3 1 3 83 47 62 50 80 2 42 4 27 3 1 6 3 6 13 33 25 18
82 18 1 8 85 46 63 50 78 1 45 3 21 5 2 9 3 6 9 35 28 18
82 28 84 46 63 50 40 1 37 2 1 1 41 4 21 4 3 9 3 7 8 1 1 32 28 19
83 28 83 46 63 50 17 1 28 2 75 3 22 4 4 8 2 9 10 29 29 20
83 30 82 31 2 11 64 50 17 3 25 3 75 2 22 7 3 8 1 10 9 26 31 21
83 30 82 31 3 10 64 50 17 3 10 1 14 3 30 1 44 2 21 8 3 19 10 25 31 1 7 13
83 12 2 18 81 30 3 10 65 49 14 1 2 4 5 1 2 1 15 2 29 3 43 2 19 4 2 5 4 18 9 24 43 4 1 1 1 1 1 2
83 13 1 18 81 30 4 9 64 50 14 1 2 3 25 2 27 6 42 2 18 6 3 4 3 2 1 16 8 22 46 3 2 1 4
85 9 2 5 1 9 86 13 1 12 9 6 64 30 2 19 14 2 2 3 24 1 28 6 58 10 4 3 8 15 8 18 46 4 1 3 5
85 9 2 2 99 11 3 3 18 4 51 1 12 1 1 23 11 17 14 3 1 3 54 6 55 12 4 3 11 12 8 16 4 1 39 10 1 1 5
85 9 103 10 2 6 13 1 58 1 10 3 1 20 14 16 15 2 3 2 1 1 1 1 3 1 6 2 38 6 53 15 3 3 6 2 4 11 8 15 3 3 37 15 4
86 9 1 1 5 5 92 6 4 6 13 4 55 1 12 1 2 20 13 16 1 1 13 3 1 3 5 1 1 9 32 4 1 8 3 1 5 4 36 19 4 1 5 3 6 10 6 14 4 4 35 17 4
87 26 95 9 11 3 56 1 15 22 11 16 15 3 1 3 1 1 2 1 2 5 1 1 1 1 25 1 8 1 2 10 4 9 31 22 4 2 4 3 7 1 3 7 5 11 5 4 35 20 2
88 1 1 27 91 10 11 2 72 26 6 16 16 3 1 1 1 7 1 7 1 1 25 1 9 12 5 8 31 23 4 2 2 4 13 7 2 9 8 3 36 22
95 16 1 1 1 1 87 2 4 11 13 3 68 48 16 3 2 3 1 11 1 2 20 5 7 30 28 25 4 2 2 3 1 3 11 12 10 4 36 23
95 13 93 4 4 9 14 3 69 10 1 36 16 3 2 16 21 43 27 26 5 6 1 4 12 8 12 4 36 23
95 11 94 5 26 4 69 27 1 1 1 17 16 3 2 6 3 6 2 1 18 45 25 28 6 4 2 7 10 4 14 4 35 24
95 9 96 5 26 4 7 1 61 11 3 12 5 4 2 10 16 4 1 5 4 5 4 1 17 45 26 28 5 4 1 2 1 2 2 1 11 2 15 4 34 25
96 8 97 8 3 12 5 6 70 13 24 7 18 7 1 9 2 2 20 47 25 29 4 4 2 3 30 4 35 25
95 9 97 9 2 12 5 5 26 1 44 23 13 7 19 20 21 47 25 30 3 4 3 3 29 1 1 2 35 25
94 11 97 12 1 8 6 5 26 3 43 30 5 6 1 1 18 7 1 14 19 48 25 30 2 4 2 1 1 5 26 1 1 1 36 25
94 15 94 19 7 4 27 3 46 36 22 19 3 2 17 48 25 1 1 29 2 3 6 6 22 4 34 27
94 16 93 20 6 4 27 3 47 26 1 7 23 15 1 3 1 3 18 48 27 28 3 3 6 6 4 3 15 3 35 27
94 17 51 1 41 18 7 3 28 4 47 23 3 6 24 11 1 8 1 2 18 47 26 30 3 3 9 2 2 6 15 3 35 27
95 16 50 2 41 18 7 3 28 3 48 21 4 7 24 20 21 47 27 28 5 2 12 6 16 3 35 27
96 14 48 4 42 12 13 3 28 3 49 15 1 1 7 6 25 21 16 1 4 15 2 6 6 3 2 10 31 25 5 3 4 1 28 3 35 28
96 13 49 5 42 11 12 4 28 3 50 13 11 5 25 20 17 1 5 14 14 4 2 7 33 16 1 1 1 1 1 1 8 3 2 1 30 3 35 28
97 11 97 12 9 5 29 4 49 16 2 1 1 1 2 6 25 20 17 1 7 12 12 6 3 4 35 7 1 2 1 3 16 3 3 1 1 1 27 3 35 26 2
101 1 104 23 31 3 51 27 27 19 26 11 12 7 42 4 25 3 33 3 31 30 2
206 23 85 25 29 19 28 3 1 6 8 10 57 1 13 3 32 3 32 30 2
207 22 86 24 29 17 1 1 28 2 2 6 7 11 70 4 2 1 12 2 15 3 25 1 4 31 3
208 21 86 24 28 19 33 5 8 8 7 3 63 4 2 1 29 3 28 1 1 30 4
209 19 90 19 31 18 30 1 26 8 62 4 32 2 23 36 6
211 15 93 17 32 18 29 4 16 1 7 7 56 1 6 4 2 1 28 3 19 30 1 9 6
211 15 55 1 38 16 33 16 30 4 13 4 6 9 62 4 31 1 1 1 17 31 1 11 5
279 2 89 16 30 5 6 8 5 11 47 2 13 4 31 2 14 1 4 10 1 30 6
278 1 1 2 88 16 30 6 7 5 4 12 49 1 13 4 23 3 4 3 10 1 1 3 4 40 7
280 1 89 15 31 7 13 14 56 1 6 4 22 6 3 2 12 3 2 19 2 21 7
277 4 89 15 15 1 17 7 3 21 53 4 1 1 5 4 19 10 2 2 4 1 9 14 3 3 3 2 2 7 1 8 9
277 4 89 15 15 1 17 8 7 16 55 2 1 1 5 4 19 10 2 1 5 1 9 14 3 2 1 1 3 1 1 17 9
277 3 91 13 35 7 6 16 45 2 11 2 4 5 19 8 3 2 5 1 7 17 2 3 3 2 1 4 2 9 11
277 3 92 12 34 8 3 1 2 15 46 2 17 5 18 8 4 2 4 2 6 19 2 2 1 3 1 1 1 1 4 9 11
277 3 9 1 83 12 34 28 65 5 17 8 1 13 6 18 2 2 1 3 1 1 5 1 2 7 11
277 3 9 2 83 11 34 27 66 5 18 5 4 5 4 3 6 12 2 12 8 7 13
277 3 7 4 83 11 35 26 52 1 9 1 3 5 18 5 3 1 1 3 5 2 5 12 2 2 1 11 10 5 13
51 5 213 1 9 1 6 6 82 10 37 22 57 5 7 4 15 1 1 3 2 1 4 3 14 8 2 18 8 6 14
51 6 221 2 7 4 84 9 38 20 45 1 2 1 9 4 8 4 16 3 1 2 5 3 14 1 1 2 3 1 1 3 2 3 1 11 6 7 14
50 9 210 3 7 1 7 6 86 6 38 18 46 1 13 4 7 4 15 1 2 1 8 3 14 12 5 1 5 5 9 5 14
50 9 209 4 7 1 7 6 87 5 38 17 49 1 11 2 1 1 7 1 1 2 15 4 8 3 15 3 2 5 7 10 9 5 14
30 3 14 14 225 6 135 9 52 3 8 5 8 4 16 2 1 1 6 6 11 2 6 4 3 1 2 4 1 4 30
31 1 15 15 224 1 1 4 138 1 57 4 7 2 11 4 27 5 11 2 6 1 1 12 3 2 30
46 17 225 3 197 3 7 3 11 4 16 2 9 5 11 2 7 6 2 6 2 1 13 1 17
45 20 2 3 219 2 16 1 178 5 6 3 13 2 15 3 8 3 2 1 10 7 3 4 4 9 32
45 21 1 3 219 2 16 1 178 5 6 3 12 3 14 3 9 2 3 2 9 8 1 5 5 8 32
42 24 1 5 217 2 16 2 178 5 3 2 1 1 13 3 6 3 4 4 8 3 2 1 11 5 3 5 1 4 1 5 1 2 1 1 30
42 31 216 2 16 2 178 4 4 3 14 3 6 4 3 3 9 3 1 1 10 1 2 6 1 9 2 5 1 1 2 2 29
42 32 214 3 17 2 177 4 1 5 15 3 5 5 3 1 10 3 1 2 12 11 6 3 39
28 2 12 33 214 2 17 2 58 1 119 9 14 4 4 7 13 1 3 2 12 8 1 1 4 1 1 3 1 1 38
27 3 11 35 213 2 17 6 173 8 16 4 3 7 3 1 10 1 4 1 12 3 2 1 3 1 2 3 1 2 2 2 1 1 35
40 38 212 1 17 8 171 4 18 5 4 8 29 5 19 2 35
39 39 212 1 17 9 170 4 18 5 4 8 12 1 12 1 1 6 6 1 2 3 45
39 40 229 10 169 3 18 2 1 3 3 9 13 1 2 1 8 10 2 8 2 1 1 1 40
37 43 228 10 22 4 1 1 141 3 18 6 3 6 2 1 10 1 1 5 10 4 7 1 2 4 6 3 36
37 43 228 12 19 5 1 1 142 2 17 7 3 6 3 1 10 1 1 4 10 4 9 3 8 1 2 1 35
37 44 227 16 15 5 2 1 141 1 5 1 11 1 1 6 3 2 1 3 13 5 11 2 10 2 1 1 48
37 45 226 14 1 2 13 6 2 1 140 1 6 1 11 1 1 1 3 2 3 1 2 3 13 5 12 1 10 2 50
36 47 225 21 7 8 163 2 5 1 22 1 27 2 7 5 37
36 47 225 21 7 8 149 2 10 2 5 1 2 1 32 1 29 3 35
36 48 224 22 1 1 2 10 146 1 2 2 17 1 2 2 31 1 31 1 35
24 1 12 1 1 46 223 37 4 1 141 1 23 2 61 1 1 3 33
23 2 13 47 223 38 3 1 142 1 22 1 1 1 20 1 37 1 1 1 1 3 33
21 4 13 47 223 38 4 1 138 2 2 1 23 2 58 6 33
21 4 11 50 222 38 4 1 139 1 26 1 59 5 34
22 3 12 50 222 37 2 3 161 3 67 2 32
23 2 13 48 223 37 1 4 100 2 59 5 40 1 24 2 32
39 48 222 40 1 1 100 2 60 2 21 2 44 4 30
39 48 222 38 104 1 130 6 28
26 2 11 48 222 36 1 1 160 2 72 6 29
25 3 11 44 227 33 2 2 1 1 101 2 56 4 69 2 1 5 27
25 3 11 44 1 1 225 33 2 2 1 1 101 1 57 4 72 6 26
39 31 1 12 227 32 2 4 102 1 134 11 20
39 35 1 8 227 30 2 5 101 1 138 8 21
39 38 1 5 124 1 102 29 3 4 102 1 135 2 1 4 2 2 21
39 41 1 1 101 18 1 2 1 1 1 2 101 34 103 1 3 1 137 2 25
39 35 1 5 100 1 1 19 1 1 1 5 20 4 4 1 72 33 104 1 2 2 164
27 1 11 34 2 2 1 2 97 30 21 5 4 3 70 31 110 1 4 1 159
39 40 96 31 2 1 4 5 8 6 6 8 64 26 118 2 17 1 142
39 19 1 21 95 32 7 4 8 5 8 2 1 4 64 26 118 2 17 1 142
39 34 1 6 96 30 1 1 4 5 5 2 2 3 15 4 62 25 120 1 160
39 40 96 1 1 27 3 2 5 3 5 2 4 2 15 4 61 24 121 1 160
30 1 8 28 1 11 96 29 2 1 5 4 1 1 3 4 9 2 4 2 4 5 1 1 57 23 121 2 160
13 1 4 1 20 31 1 10 95 29 1 1 8 4 1 4 10 2 3 4 1 2 2 3 1 1 57 21 1 1 13 3 105 2 160
39 40 1 1 95 12 5 13 9 9 5 4 1 2 3 2 1 3 4 1 1 2 59 18 2 2 5 1 5 8 102 1 160
12 1 25 27 3 11 98 9 10 11 8 10 4 5 1 2 4 5 5 3 60 16 2 4 6 9 265
12 2 23 25 1 2 6 5 1 3 96 9 12 10 8 1 2 7 4 8 4 5 6 2 61 14 4 3 2 14 1 1 262
36 30 4 5 5 1 97 1 1 4 14 10 6 2 1 9 3 4 10 2 8 3 59 15 3 3 1 17 262
38 28 4 5 103 6 14 10 7 1 1 5 1 4 2 3 11 2 8 3 59 15 3 3 1 17 262
11 2 24 28 1 1 3 3 126 9 6 14 27 2 59 15 2 6 3 11 263
39 29 2 5 2 1 122 9 1 1 1 1 1 6 1 7 10 1 12 1 3 3 54 1 5 13 3 4 2 1 1 11 77 1 185
39 29 2 5 2 1 122 10 2 1 1 6 1 3 1 3 10 1 13 2 2 2 53 4 3 15 2 1 6 12 76 1 185
39 29 3 2 130 12 2 4 3 2 12 1 4 5 2 10 50 7 3 7 1 6 4 17 75 1 24 1 160
39 26 7 1 6 1 123 13 1 4 3 2 12 1 4 6 1 6 1 3 50 8 3 6 1 6 3 18 75 1 23 2 160
39 28 4 2 130 11 1 1 1 2 1 1 1 5 10 2 4 6 1 3 2 1 1 3 50 24 3 5 1 12 53 1 22 1 2 1 18 3 160
39 31 1 3 2 1 126 16 1 1 1 5 9 5 2 3 1 7 1 1 2 2 50 31 2 13 52 1 22 1 21 2 161
4 4 32 29 3 1 1 1 2 1 1 1 124 17 2 4 3 4 1 3 1 3 1 3 2 5 6 1 56 19 10 11 29 2 22 1 42 2 162
5 5 10 1 20 26 138 15 2 1 1 4 1 9 1 3 1 3 3 4 59 2 3 17 4 1 3 1 2 11 29 2 22 1 34 1 7 1 163
4 7 8 2 9 2 10 28 11 1 123 13 1 1 4 4 1 9 1 3 1 3 3 5 57 5 3 15 5 1 2 2 3 9 29 2 22 1 42 2 2 1 159
4 7 7 4 20 28 2 6 1 2 124 10 1 2 1 1 4 8 1 5 2 1 1 4 3 9 2 1 49 10 3 11 2 6 1 2 3 8 28 3 22 1 33 2 7 5 159
5 6 7 4 2 1 17 24 8 1 131 14 4 8 1 6 3 4 3 2 1 6 2 1 50 11 3 9 2 5 3 3 2 7 53 1 33 2 6 5 160
3 8 6 8 17 25 142 6 1 4 5 7 2 12 3 2 5 2 2 1 51 12 2 7 1 7 4 3 2 6 31 4 18 1 32 2 6 5 161
4 5 9 7 18 26 1 6 132 7 1 4 5 7 4 10 4 2 4 2 53 3 4 21 7 4 1 5 31 4 50 3 6 5 62 1 98
4 7 7 6 1 1 18 24 4 1 3 1 130 3 1 4 1 2 1 1 5 22 3 2 4 2 2 1 50 5 5 3 1 10 12 4 2 3 31 3 50 3 8 3 63 2 97
4 2 1 4 7 8 18 26 137 8 1 2 7 4 1 8 4 5 3 3 3 2 2 1 51 7 8 6 15 5 1 2 31 3 50 3 7 3 65 1 97
4 7 6 8 19 26 137 8 1 2 1 2 4 4 1 8 4 5 3 3 2 3 2 1 52 7 7 6 16 4 33 4 50 3 7 2 66 1 97
4 7 9 5 20 24 2 2 2 1 3 1 125 5 1 4 1 2 1 5 1 6 4 3 4 6 1 2 1 5 3 2 51 4 14 2 3 6 9 4 30 4 51 2 174
4 7 7 1 2 4 20 21 1 2 2 2 133 2 8 2 1 12 4 4 3 9 2 3 4 2 51 4 14 2 1 8 10 4 28 5 51 2 174
4 7 7 1 2 5 19 17 1 9 132 2 1 2 4 1 2 2 2 11 4 4 2 10 2 3 4 2 51 5 13 11 11 3 28 4 52 2 7 1 166
9 2 34 28 3 4 114 2 20 3 2 6 2 2 4 8 3 3 11 1 50 13 1 2 4 1 1 9 42 3 6 3 3 6 211
5 2 38 28 4 1 117 1 20 3 5 4 1 2 4 8 17 1 50 13 1 2 6 9 42 3 4 6 2 8 32 1 16 3 1 1 155
4 5 38 21 127 1 20 3 6 3 1 2 1 6 1 3 18 2 49 13 1 2 6 9 42 3 2 19 31 1 12 11 153
5 6 10 3 21 28 143 3 6 2 2 8 2 2 19 2 49 13 10 10 39 25 14 1 11 3 13 14 152
5 2 1 1 5 1 2 1 28 21 1 4 5 1 139 2 6 2 2 7 21 2 1 2 49 13 5 1 4 9 40 26 7 3 1 4 8 7 9 17 151
6 4 37 15 1 1 1 6 146 2 6 2 2 3 21 6 1 1 50 13 10 9 39 27 7 9 7 7 8 18 151
5 6 13 1 21 25 5 1 140 2 6 2 3 2 16 11 1 1 50 12 11 9 39 28 6 9 7 7 7 18 152
4 6 4 5 28 26 1 4 139 3 5 1 5 2 9 16 2 1 50 12 11 9 39 28 5 10 6 8 7 14 156
6 5 6 1 27 1 1 23 147 3 5 1 14 18 1 1 51 12 12 8 39 7 5 7 3 6 5 10 5 9 7 11 159
5 6 1 2 2 2 28 23 148 3 18 20 1 1 51 12 12 8 39 4 8 7 3 6 4 11 5 9 6 10 161
4 9 1 5 27 24 3 1 143 3 17 21 1 1 51 12 12 8 39 3 9 6 4 6 3 12 4 10 6 9 162
5 7 33 22 1 5 144 3 12 6 1 10 2 6 1 2 51 12 12 8 39 3 8 6 5 5 3 7 1 5 4 4 1 5 7 7 163
6 8 1 2 28 27 146 2 9 8 2 10 1 7 1 2 51 12 12 8 39 3 7 6 6 5 3 7 2 4 3 4 1 5 8 7 163
5 6 2 1 1 2 28 16 4 7 1 2 143 3 5 11 3 20 51 12 1 1 10 9 38 3 7 6 6 5 2 8 1 4 4 4 1 5 8 7 163
6 8 5 3 23 26 147 3 1 16 1 17 1 2 53 11 1 1 11 10 36 3 7 6 6 5 2 7 2 4 3 4 1 5 10 7 162
5 6 1 1 6 2 24 26 147 3 1 12 1 21 1 2 53 11 2 1 10 10 36 3 7 6 6 5 2 7 1 5 3 9 12 6 162
5 8 6 2 24 27 146 4 1 11 1 19 2 2 54 11 13 11 35 3 7 6 5 6 2 7 1 5 3 9 13 6 161
4 1 1 5 1 2 2 5 14 9 1 27 146 4 2 23 9 1 56 11 11 13 35 2 6 7 4 6 4 6 1 4 1 10 11 1 4 5 161
4 6 7 4 13 10 1 22 1 2 149 3 2 22 10 1 56 11 5 1 5 14 34 2 6 7 3 7 4 6 1 4 1 9 11 2 4 5 161
5 6 9 1 14 4 2 1 3 20 3 3 149 3 2 11 2 1 16 1 57 11 5 2 4 15 5 2 27 1 6 7 3 7 4 6 1 4 1 8 11 1 6 5 161
5 8 3 1 1 5 14 4 4 19 1 10 2 1 1 1 140 4 1 10 7 1 2 3 7 1 57 11 6 1 3 19 1 3 34 7 3 7 4 6 1 4 1 8 10 2 6 6 160
4 7 2 2 3 1 1 1 1 1 13 6 3 5 1 19 151 3 1 7 5 11 6 2 57 12 9 17 2 4 34 7 3 7 5 3 2 4 3 6 8 4 6 7 160
5 12 3 1 15 6 3 26 150 4 1 5 4 1 1 11 5 2 59 11 9 16 3 4 34 17 10 4 3 6 6 5 5 9 160
5 1 1 12 1 6 13 3 3 29 148 3 2 2 6 1 1 8 1 1 6 2 59 11 9 16 2 4 36 16 11 3 4 6 3 6 5 10 160
4 13 8 1 11 5 2 29 150 3 9 1 1 7 1 1 6 2 59 12 9 14 44 16 11 2 7 12 5 11 160
4 14 2 1 1 3 12 3 5 25 1 2 150 3 9 1 1 3 1 3 1 2 4 2 59 15 4 10 3 1 47 15 21 11 4 12 58 9 94
4 6 1 2 2 3 2 1 2 2 12 5 3 16 1 10 5 2 145 3 8 5 2 1 1 3 3 3 59 16 2 2 1 6 14 3 25 1 11 14 21 9 5 13 57 10 94
4 10 1 3 18 6 3 28 5 2 144 4 7 2 2 1 1 2 1 2 3 4 59 16 2 2 1 6 6 3 5 3 25 1 11 14 22 7 2 1 2 14 57 10 94
5 1 1 3 1 10 1 3 10 7 2 1 1 27 152 4 6 1 1 2 9 3 63 18 5 10 35 1 12 10 24 4 3 18 58 10 94
4 13 2 1 3 2 11 1 1 35 3 5 145 3 17 4 75 7 3 6 55 8 32 17 59 10 94
4 1 2 10 13 2 5 38 1 4 146 3 17 3 73 10 2 5 59 4 34 17 59 10 94
4 9 1 1 1 2 2 1 16 2 3 1 1 25 1 3 156 6 1 4 1 1 1 2 1 2 66 5 5 8 104 14 62 9 1 1 93
5 8 1 3 15 1 4 1 6 29 2 2 152 6 1 5 1 2 2 1 68 1 8 8 103 15 62 9 1 1 93
5 14 1 2 2 1 3 2 1 2 5 2 3 18 1 14 153 15 81 7 103 14 63 10 94
7 15 1 4 10 36 1 1 156 11 83 7 103 12 65 9 95
5 16 7 5 5 1 3 2 1 26 5 1 248 1 1 5 103 11 66 9 1 1 93
7 3 3 6 2 1 2 1 1 2 1 2 6 2 1 22 1 10 251 8 103 9 68 11 93
4 5 1 1 1 6 20 1 1 11 1 21 250 9 103 8 69 11 93
5 21 1 1 10 1 3 31 4 2 134 1 108 9 105 5 72 9 94
5 7 1 3 1 3 1 2 4 1 10 35 3 4 242 9 106 2 74 8 1 1 93
5 17 17 16 1 1 1 1 1 14 31 1 2 1 213 9 182 8 1 1 93
8 14 16 1 3 31 7 1 24 3 214 9 182 8 1 1 93
5 7 7 2 18 36 1 2 27 3 214 9 182 9 94
5 20 14 15 1 1 2 1 4 14 245 9 25 4 153 10 93
6 3 2 11 1 2 14 2 1 12 1 1 2 4 1 12 134 3 110 9 24 5 153 11 92
6 20 13 24 1 1 1 14 26 3 98 5 110 8 10 4 5 3 1 4 157 10 25 2 65
7 9 1 9 9 19 2 1 1 5 2 8 1 1 8 1 22 1 99 7 109 8 9 7 2 3 163 8 1 1 92
7 3 1 5 1 4 14 38 1 1 6 4 21 1 99 7 108 9 3 1 3 9 2 3 163 8 1 1 92
6 21 1 1 1 2 5 5 3 18 1 15 25 3 99 6 96 2 1 19 1 12 171 5 4 1 26 1 1 3 60 1
6 4 1 11 3 2 4 1 5 5 3 13 1 20 25 3 99 5 97 2 1 25 3 2 173 5 4 1 28 5 59
9 1 1 7 1 2 4 2 3 1 1 1 1 3 2 4 3 31 29 2 98 5 97 2 1 13 1 9 180 8 1 1 28 7 57
6 10 2 4 1 7 2 3 4 5 3 30 3 2 23 3 98 1 107 8 4 6 182 8 1 1 28 8 1 1 54
8 8 1 5 2 3 8 1 2 1 1 21 1 15 2 1 26 2 212 2 4 3 18 7 160 10 28 10 54
6 5 3 2 1 1 1 2 3 10 6 10 1 2 1 18 1 4 1 4 238 2 4 3 10 4 3 7 161 10 29 10 53
7 4 1 10 1 6 2 1 7 3 1 3 1 3 2 30 22 1 216 1 3 4 10 4 3 6 162 10 30 10 1 1 50
9 1 1 7 6 1 9 5 1 21 1 15 6 1 20 1 206 9 3 1 1 4 1 12 172 5 37 10 50
7 4 3 4 1 3 1 4 1 9 3 6 1 6 1 17 2 2 5 2 229 8 3 20 172 5 1 5 32 10 49
7 21 12 27 1 8 2 4 3 1 1 2 222 8 3 13 2 2 175 5 1 5 32 12 47
7 18 7 1 2 2 4 23 1 10 3 4 1 4 224 8 3 11 181 5 1 5 32 13 46
7 26 2 1 4 9 1 3 4 18 3 5 235 1 5 4 17 4 165 11 35 12 42 1 1
7 22 2 1 9 8 1 31 237 1 6 3 16 6 164 11 35 12 44
7 16 2 2 1 1 3 1 2 1 6 38 3 1 235 1 5 2 12 1 3 7 164 11 35 13 43
7 8 1 19 5 9 1 7 1 18 1 5 228 1 6 5 7 3 2 6 5 3 12 1 153 5 1 3 41 10 42
7 29 1 2 2 8 1 32 228 12 6 5 1 5 21 1 153 5 1 2 1 2 39 11 41
7 3 1 12 1 1 2 12 3 39 2 1 1 1 221 1 2 12 6 6 1 4 21 1 153 5 1 2 1 2 13 1 26 11 40
7 23 1 1 1 1 3 8 1 3 3 4 1 2 1 18 2 2 228 12 5 4 29 1 153 11 14 4 25 10 38
8 22 1 1 1 1 3 33 1 8 1 1 230 7 1 4 4 2 16 3 12 1 153 11 14 4 25 11 37
7 9 1 4 1 38 1 4 1 13 232 5 5 3 19 5 12 1 154 10 14 4 26 11 36
8 29 2 19 3 16 1 1 1 1 7 2 13 1 218 3 13 1 3 6 12 1 154 8 1 1 14 5 27 11 34
8 1 1 1 2 6 1 7 1 27 1 13 1 11 3 4 234 3 9 5 1 7 13 1 154 5 1 2 1 1 16 7 26 14 15 2 11
8 7 2 5 1 11 1 3 1 22 1 15 1 2 2 7 233 3 2 20 168 5 1 2 18 7 28 15 5 1 3 5 7 1 3
8 22 1 1 3 2 2 14 1 4 1 2 1 15 1 2 1 2 3 5 217 8 6 3 1 21 168 5 1 2 18 9 27 27 12
8 3 2 3 1 66 2 5 29 2 184 1 2 8 9 13 1 7 169 5 20 12 28 23 13
8 24 1 5 1 1 1 20 2 17 2 7 29 3 184 1 2 8 9 7 1 13 169 5 3 1 16 13 28 22 13
8 17 1 4 5 1 1 13 1 2 1 2 1 25 1 1 1 5 28 3 184 1 2 7 4 1 5 21 12 2 1 1 153 9 19 10 29 21 13
8 8 1 8 1 5 2 1 1 47 3 5 28 3 184 1 2 7 3 2 5 20 13 2 1 1 153 9 19 11 29 20 2 3 8
9 23 10 23 1 12 1 1 2 6 29 4 186 8 6 1 3 14 3 2 14 2 1 1 153 9 19 14 31 14 2 2 10
8 10 1 2 1 1 2 56 1 7 26 6 185 9 9 13 4 3 12 1 1 4 152 10 19 16 30 11 16
9 7 3 2 1 1 1 3 1 12 1 1 2 26 1 18 26 6 185 8 10 12 5 3 12 1 1 4 152 10 19 17 31 8 17
9 24 5 8 1 1 1 5 4 8 1 20 26 9 183 10 8 6 2 5 3 4 10 9 152 10 22 19 51
9 3 1 4 1 16 1 7 1 12 3 29 26 8 184 11 7 4 4 5 3 4 5 14 152 10 22 21 49
9 31 1 1 1 45 25 8 184 11 6 6 3 4 4 4 4 15 152 10 22 1 1 20 48
10 27 5 26 1 19 25 8 184 12 5 5 4 4 4 4 3 16 152 10 25 23 5 1 38
10 4 1 4 2 13 1 4 2 43 3 2 25 7 184 8 1 3 5 4 4 13 2 11 1 5 152 7 32 21 42
10 29 6 38 3 4 1 2 19 1 1 7 184 8 1 2 6 3 5 26 1 2 1 1 153 7 1 3 30 19 42
10 1 1 2 1 20 3 1 1 4 1 18 1 19 4 8 17 9 184 7 10 3 4 30 155 6 2 3 37 12 42
10 8 1 8 1 1 1 7 1 2 1 1 4 17 1 19 3 11 14 10 183 7 7 2 2 5 2 6 3 17 1 2 156 6 2 2 42 2 48
10 1 2 22 1 1 2 3 3 18 1 5 1 10 1 5 1 10 15 9 182 8 6 4 1 5 1 5 4 17 2 1 157 7 95
10 3 1 1 1 3 1 14 1 2 1 7 1 17 2 2 1 12 1 16 14 10 182 8 6 34 163 8 1 2 91
11 7 1 19 1 3 3 19 6 2 1 8 1 14 1 1 11 12 182 8 7 31 1 1 164 7 94
11 4 1 21 4 3 1 10 1 7 4 1 2 5 1 17 1 1 14 14 179 9 8 29 167 4 97
11 6 3 5 1 1 1 2 1 1 1 12 1 9 1 5 1 1 1 11 1 17 17 12 180 9 9 28 167 8 93
11 7 1 10 2 14 2 8 1 4 2 10 1 19 17 12 181 8 10 26 169 7 94
11 6 1 43 2 1 1 1 4 6 1 10 1 1 1 2 16 14 179 9 9 22 174 4 2 3 92
11 11 2 19 4 12 1 2 4 1 4 5 1 8 3 2 19 13 179 9 9 14 4 2 176 4 97
11 31 3 1 2 4 1 5 2 3 3 1 2 1 3 11 4 2 19 11 181 8 10 13 5 4 174 4 97
11 8 1 3 2 5 1 3 1 10 3 3 1 1 1 2 1 1 1 2 7 5 1 4 1 2 2 2 9 2 1 4 7 13 180 3 14 5 6 9 177 9 92
11 8 1 27 1 5 5 3 2 7 1 10 2 2 1 1 2 13 6 13 180 3 14 4 5 6 181 10 92
11 27 1 16 8 19 1 2 1 1 2 14 5 13 180 3 14 2 7 5 182 10 92
11 7 2 37 2 1 4 21 2 16 5 13 180 2 22 5 184 10 92
11 29 1 2 1 8 3 4 2 41 6 13 198 3 192 6 96
11 2 1 26 1 61 6 11 497
12 11 1 28 2 47 7 10 490 1 7
13 38 1 49 7 12 215 1 280
13 3 1 13 1 67 2 1 7 10 16 1 195 2 26 5 246 1 6
13 32 1 50 12 7 215 3 23 8 245 3 4
13 30 1 1 1 50 12 7 2 1 212 3 20 10 246 3 4
